2.5898390137802307 0.0 4
2.5915003347452092 0.07798091274651484 4
2.3500597911375674 0.1590353845441069 4
2.338248408953723 0.2167284291374127 4
2.2940196312213823 0.31588532262011065 4
2.5419410633583848 0.40388430082596233 4
2.2559205787203416 0.49693009793339465 4
2.5938159874834112 0.4949924025372191 4
2.5261048508866515 0.583673625464992 4
2.4425309019129076 0.6602378900781691 4
2.2108348359290817 0.7098722940009332 4
2.2846786222685767 0.8606538104857987 4
2.3070899094831954 0.9962568813462181 4
2.516306040678741 0.9032700739186993 4
2.4656391025232427 1.0035072199149166 4
2.0590757815589558 1.0294103925370157 4
2.101660124483378 1.31220030961926 4
2.103680781100789 1.2526353001665327 4
1.9079951145341578 1.2595415530547744 4
2.1416990472371555 1.5342526973644657 4
1.994086554383636 1.5012668349492861 4
2.0369698480457905 1.5508873296749426 4
1.8187988208050865 1.537013080327115 4
2.0136468291940117 1.7553184899491256 4
1.8956530610467124 1.628475952368494 4
1.7465045506484924 1.7822913054000233 4
1.597815716258184 1.955358767871189 4
1.4984766957531093 2.0525348913785386 4
1.5517639829453773 1.7384508881593637 4
1.5986173136328161 1.9540048640476062 4
1.5518854990289388 1.8534773657787267 4
1.2724769507431841 2.176070348652671 4
1.407291870567214 1.9693548151049092 4
1.3932986085608667 2.1186534583290726 4
1.1033842334369353 2.178766481067137 4
1.0800995196425818 2.4165124548024863 4
1.093079130740497 2.0995948293181748 4
0.9830462376909127 2.4106502093193103 4
0.883397618490111 2.483962718556527 4
0.9182258593882279 2.390099375324483 4
0.8135819966182278 2.1865738512960116 4
0.6446683014706175 2.4018357759995297 4
0.6185592826862264 2.598020492899182 4
0.5583293042886032 2.561403636329007 4
0.44363111227117663 2.568613933801269 4
0.36002573822969025 2.22369130625247 4
0.32880655617238447 2.510500888217685 4
0.249726271721648 2.60561700399295 4
0.1428312024133498 2.4238332925950754 4
0.07418277374437914 2.696082741318937 4
-3.6968471049358225e-16 2.57688870149359 2
-0.07415873489895904 2.4443034984377134 2
-0.1689768437674671 2.2638723305423047 2
-0.24191841006077608 2.4559928751594295 2
-0.3093609751246579 2.4379330182453414 2
-0.36718376363617683 2.3750887101490488 2
-0.46726359363039516 2.417960192209729 2
-0.5332256869885827 2.3044659106272447 2
-0.6147595619199119 2.463594606061551 2
-0.6770255939991903 2.3033802091881204 2
-0.8470395752698358 2.307869709471873 2
-0.9252616544997659 2.3365773084362895 2
-0.9843421070680728 2.2204184160461526 2
-0.9817466778260862 2.2737781268872923 2
-1.0720473657899672 2.066047162456456 2
-1.1467961456822382 2.26217035115021 2
-1.2372456917292962 2.369700064179286 2
-1.2559029584901629 2.047419115041625 2
-1.2498887217221322 2.2889766853700944 2
-1.3906855810615695 2.1283108117581024 2
-1.4836669988223485 2.0434368578798217 2
-1.3852322990887105 1.874773197825489 2
-1.5295778022419049 1.8287242539264048 2
-1.6649850429556716 1.890679449195058 2
-1.8427575240609988 1.8304571956728246 2
-1.737414273894281 1.625084031838139 2
-1.7186672524113473 1.8356019250271118 2
-1.7609899357183603 1.5561705712553784 2
-1.7492604954718345 1.4828295533400007 2
-1.9181428252109527 1.4783985881153932 2
-1.8827162361054708 1.3983391004710626 2
-2.0110247348971813 1.489420507531413 2
-2.2374734299626993 1.39472787715137 2
-2.266086597694122 1.3691369060341079 2
-2.1589709876435235 1.2568873876605222 2
-2.4429542862818434 1.1462117471847357 2
-2.2218766823664264 1.0532485426577483 2
-2.2126130893087175 0.953611521328634 2
-2.501641946282674 0.9814684252203469 2
-2.513026723980396 0.7875276042407827 2
-2.3031032278598005 0.700842215913369 2
-2.3599943965837 0.6729308338895531 2
-2.5517651132071517 0.5895374080560077 2
-2.5906415918355905 0.559854412195943 2
-2.3456790158382175 0.4334716978128402 2
-2.5732121115582096 0.3672778319464179 2
-2.5901474137511524 0.33636171425492123 2
-2.6649810449412503 0.25376582559868205 2
-2.3103288266753834 0.1441920737622565 2
-2.6187454247848763 0.07149659696788967 2
-2.4142828332815545 -8.131219673056284e-16 1
-2.6227557865227054 -0.07857202945396419 1
-2.559820785784717 -0.14538383998281953 1
-2.382278025639993 -0.22761758405317384 1
-2.440219495913795 -0.33810779690305875 1
-2.5934992748972308 -0.41440239700073705 1
-2.677596457608588 -0.48604923342481865 1
-2.294314452763659 -0.5587902536576297 1
-2.4253436944287654 -0.6005182102355385 1
-2.181732095427932 -0.6549171050510021 1
-2.1903124483589624 -0.8272653739505005 1
-2.4639319228277112 -0.8078579630029683 1
-2.2969091249877382 -0.9908369395301924 1
-2.5200113401060977 -0.971019390275228 1
-2.217254948030717 -0.9862122298192851 1
-2.2945179457136273 -1.0348484618912857 1
-2.2111932897924382 -1.2180433511182296 1
-2.0150391250104143 -1.1499213851591432 1
-1.9367622245442462 -1.2825742864850538 1
-2.0154882332663138 -1.5228973855637498 1
-1.8756736044015898 -1.4031106018650847 1
-1.8751625340799123 -1.6128038819113821 1
-1.7643891507341598 -1.578175821924848 1
-1.8268018268977235 -1.6547444503457416 1
-1.905712820310951 -1.773287664447027 1
-1.803885008427921 -1.6962310625153654 1
-1.5826715149538046 -1.9459988330015805 1
-1.577028345404234 -1.8803633374287143 1
-1.44025526742741 -1.838152807627304 1
-1.3950729692120853 -1.9654964780216613 1
-1.3425194486386482 -2.212634783218881 1
-1.3886808580564252 -2.14274057360133 1
-1.3461440861771705 -2.1268841274414156 1
-1.1677976453075982 -2.356132639370811 1
-1.3074686066708596 -2.295704210529503 1
-1.0700772893282429 -2.077239386724367 1
-0.9925198871799329 -2.2073146426848402 1
-1.0221606043957139 -2.2878938766707564 1
-0.9308611445061835 -2.229360152750643 1
-0.8348521844715424 -2.5449314995606187 1
-0.748252815704638 -2.5123136091429887 1
-0.631135780374256 -2.329358681984535 1
-0.6195437810397456 -2.292538089066896 1
-0.5475208739858911 -2.619621542702931 1
-0.46535493247554083 -2.3486406166380407 1
-0.41051526997324483 -2.5250517267813533 1
-0.3070151869915093 -2.3670205146951533 1
-0.2566868823010901 -2.328658565593079 1
-0.15024093238989508 -2.489095389264927 1
-0.07778912306501491 -2.317048900210122 1
-4.3327066313043744e-16 -2.626506273821586 1
0.07620033900355044 -2.355032314266459 3
0.158767762983351 -2.3553153201579837 3
0.2534171722902573 -2.4003650082463883 3
0.30378325118896876 -2.335009217125797 3
0.3609409498321117 -2.590439728865415 3
0.4912672298356076 -2.3680921408305964 3
0.5809039926831906 -2.1967084046779206 3
0.5934801313835102 -2.6176379520725668 3
0.7138516390134754 -2.195293279548035 3
0.8075834986248848 -2.319413647257348 3
0.8664240016200856 -2.2324961406124832 3
0.9912208512515244 -2.404921689467966 3
0.9812994368373823 -2.3713309162474734 3
1.0898797130729796 -2.4629112607615635 3
1.1956571815393087 -2.2568235534781484 3
1.1436473592041307 -2.1166829441050923 3
1.2465846986920346 -2.206772399708949 3
1.4364544744604817 -1.944148986800922 3
1.5360928833836796 -2.141170832040052 3
1.3559632523083143 -2.177711026909661 3
1.4528730831717713 -1.80558797308296 3
1.5746827735260187 -2.0418742264804286 3
1.6464580524699441 -1.7220166502918441 3
1.7603577182160806 -1.7995131331858274 3
1.6629185926310313 -1.5956604628493414 3
1.9605889721247183 -1.6848431007163254 3
1.741963325446776 -1.7040678402334484 3
1.9068489048891701 -1.504718890340045 3
1.9236124548241975 -1.4757954507904432 3
1.9040532083147463 -1.5674504652877743 3
2.272426650302799 -1.3415466041209376 3
2.0614518146307863 -1.3556209497818794 3
2.319729663627255 -1.3977731294795002 3
2.0944057489494794 -1.1438049355103337 3
2.0632552453597715 -1.118945430627442 3
2.122088055934666 -1.120703548159282 3
2.3694777049321205 -0.9836744558008917 3
2.328730674197364 -0.9296897568090804 3
2.5815908014546185 -0.8406846631069416 3
2.2128229706752696 -0.829816283397534 3
2.3661579784850404 -0.6727524622691179 3
2.6309591304288102 -0.6821706477702348 3
2.6584616556439085 -0.509202764526061 3
2.677827730685748 -0.4880801262570532 3
2.4141804633392967 -0.378543586603647 3
2.2873392274809095 -0.3430293601874755 3
2.6244975475526413 -0.24418414531812208 3
2.670776372378041 -0.15081301071115605 3
2.678414486703131 -0.07506266548619354 3
3.637968924501314 0.0 4
3.6553819221948545 0.11675959172493866 4
3.4954095388886137 0.22297516788494395 4
3.547252239602549 0.35196578413401974 4
3.4649918077172988 0.4027417024472377 4
3.481542397375027 0.5394642764287194 4
3.439900190021837 0.6011562416562422 4
3.2299276060208983 0.7435840882271564 4
3.2192783242802907 0.9031996911523003 4
3.265466024553985 0.997077415075868 4
3.183224933978156 1.1629430991983003 4
3.020434351437422 1.2890867105187218 4
3.44604404035359 1.3001483793189672 4
3.309743394865657 1.3976739945405463 4
3.4562166437171236 1.3492768202174286 4
3.147657873283435 1.6088009756745694 4
3.0968136667582953 1.7972438135290685 4
2.9512334581366657 1.9478710780056223 4
3.0358191000036236 1.9895897795784552 4
2.875472499407683 2.0755681488081223 4
2.8974069556233304 1.9981465530755085 4
3.039249878513131 1.9390346735931512 4
2.5837371098703503 2.0343616522859396 4
2.6707826287187153 2.476266204139241 4
2.428716832107139 2.459607008653704 4
2.498226426696516 2.6890864846252858 4
2.202848642237736 2.4562857201115795 4
2.1610542344181374 2.865324906291696 4
2.4078006198592705 2.748948166338864 4
2.1342481862807396 2.909118127583019 4
2.100399532328381 2.6399308390788914 4
2.09719212092614 2.619732006489145 4
1.7403194357172684 2.9712194104640095 4
1.9012760152403463 3.0364635499458794 4
1.5201932827604623 3.2732161259553907 4
1.6451437987052298 2.8574064274191016 4
1.573560055566752 3.3689717642106514 4
1.4569109580634192 3.512875109952894 4
1.3247375355432012 3.4921038759341276 4
1.26627477919228 3.473508931346991 4
1.0828228629890613 3.6023859379584735 4
1.0427836266107149 3.073870942361 4
0.7936401416432596 3.0944200878822072 4
0.7913018671675912 3.1117498866724955 4
0.6693307158179284 3.6213448157624204 4
0.5203416870260832 3.1690810824573394 4
0.4441279364095133 3.5672286917650227 4
0.30543781789333774 3.2988302958393763 4
0.2064667273403011 3.5934532408669515 4
0.11819927173412235 3.3575329724966734 4
-5.067653010312465e-16 3.5168386608465707 2
-0.1085704941875827 3.3241076417788156 2
-0.21179852501410232 3.377801733880508 2
-0.32534643173230143 3.4367196930609247 2
-0.41015759137786506 3.8079098901385287 2
-0.5293113958922235 3.225961836778501 2
-0.5919191372849238 3.6312434683207644 2
-0.7490186724983723 3.3365345278918235 2
-0.7966676594114003 3.2881074613319026 2
-1.028769266030334 3.5642228951771604 2
-1.0558522076250074 3.6551031268196867 2
-1.0882231562149516 3.4947990654691012 2
-1.164346991082095 2.9501445489602314 2
-1.3723245961826045 3.334340600488839 2
-1.5548380172011544 3.0235734483845857 2
-1.548036224649744 3.311719229207185 2
-1.8251059479384117 3.287606082631553 2
-1.8591961048263579 3.090899350634343 2
-1.952685478698511 3.059800884904016 2
-1.9346104694483774 2.836087473097131 2
-1.920064725387923 2.865069952946462 2
-1.9375453783246277 2.5826152415427948 2
-2.277488144441593 2.726297524545291 2
-2.1122248408836723 2.7679014734902276 2
-2.4873737901585464 2.7113103309889 2
-2.6670646383655394 2.3477992606159876 2
-2.5138283319772525 2.1762845218524602 2
-2.4296777945621097 2.389820405440514 2
-2.80154318031222 2.0293673147425646 2
-2.495345717412157 2.170306403668188 2
-2.8142157712434215 1.9826829155186798 2
-2.7038901370751014 1.995739211196404 2
-2.7521529374147384 1.8051272224663868 2
-3.0231402763401727 1.7837955770513332 2
-3.3443597169768084 1.701505177558488 2
-3.3674515653554233 1.4565982574245475 2
-2.939100096244621 1.4989489280077557 2
-2.912493183262667 1.305679157636446 2
-2.9902947891191882 1.2241139095985571 2
-3.2624953915823025 1.0718558383150336 2
-3.5227884599900747 1.1039562963579224 2
-3.116762953826885 0.9268203297138244 2
-3.387262753004177 0.8946839200950628 2
-3.530776529647015 0.7575183746536571 2
-3.2133039064181568 0.6866583641792402 2
-3.542791208638142 0.5360251913850758 2
-3.3039955631805644 0.43610250676688284 2
-3.8285469304893684 0.3347752837015376 2
-3.1803476397726476 0.22473855160056594 2
-3.8104977518628016 0.11136387407202758 2
-3.500533276873797 -1.0747116961368191e-15 1
-3.433819952874031 -0.10810435243089532 1
-3.7371228671523364 -0.23200471935436925 1
-3.586290564145442 -0.32073206007303373 1
-3.2833588831623275 -0.4565360463485232 1
-3.6560556392659658 -0.5762090860617114 1
-3.1678785274481367 -0.6494120566294539 1
-3.089628383133465 -0.7556659040669991 1
-3.512440859564262 -0.8456151915487831 1
-3.05398077546864 -1.0607392233867485 1
-3.0623211284765395 -1.1006494626466186 1
-3.160838840923216 -1.2286181023948686 1
-3.242684838038383 -1.3174444291777574 1
-3.074174694352561 -1.5184665605036267 1
-3.4780213794421266 -1.4813691984151487 1
-3.0318635566443204 -1.6350392383763204 1
-3.3278260450191612 -1.7584596365958869 1
-3.0117839253581944 -1.718118494911705 1
-2.7093073134832095 -1.8892521727602238 1
-2.8763367735774508 -1.9007221507871161 1
-2.95347155965535 -1.9298212207237186 1
-2.6141329692479673 -2.3100760693805182 1
-2.917549288106363 -2.128166985863771 1
-2.44519622822052 -2.527520223745739 1
-2.3201260938453783 -2.578371107818899 1
-2.5847844372030444 -2.5599755615980353 1
-2.565231155637521 -2.5057420646499247 1
-2.186610067267204 -2.613927133961087 1
-2.264281578780748 -2.780941605834418 1
-1.9780715046644717 -2.7559012832876375 1
-2.2048635919900073 -2.68095006133078 1
-1.8019925987794896 -2.8272464103223958 1
-1.7904192176450382 -3.1010319912783446 1
-1.631951723340892 -3.236977089358578 1
-1.601895117243285 -3.316660433042887 1
-1.5655910778771631 -3.282310118868296 1
-1.5096332302059514 -3.1208283727737887 1
-1.5029345271579666 -3.034459097563889 1
-1.2296043731180903 -3.138546375208949 1
-1.1004214006680995 -3.3918711667962045 1
-1.1047915524691019 -3.540824957929231 1
-1.0712316916659526 -3.392969688069942 1
-0.9033049131617259 -3.1586150628303127 1
-0.7994563836055731 -3.346414565858663 1
-0.649408719303325 -3.108177305129938 1
-0.5693289370287858 -3.626028557955139 1
-0.4444104601139173 -3.4094707032939167 1
-0.3147263469160371 -3.1496264866630224 1
-0.20533291246987184 -3.7735497858469063 1
-0.10257342587726966 -3.636182603984102 1
-7.047612522865273e-16 -3.784824535296226 1
0.1092854186907 -3.7616630776603888 3
0.23317045612441603 -3.782429125622708 3
0.32278816904847146 -3.6597550269202754 3
0.3962564783070553 -3.3859800481403375 3
0.49383040179299637 -3.1131083971379216 3
0.6869202683913141 -3.227167334899701 3
0.8074787297373511 -3.3544362705360813 3
0.9319135790274536 -3.665105375761482 3
1.0223618568151744 -3.2809292285866953 3
1.0267933488522536 -3.1029940859209173 3
1.1705186601052462 -3.4454604738072656 3
1.3134817408941954 -3.1310789112419593 3
1.310931830581289 -2.9370965815332672 3
1.4248965066365518 -3.3468143435196436 3
1.693509464773952 -3.1588164409466866 3
1.6988209665792613 -2.9668639433126818 3
1.693163664037257 -2.90104596382194 3
1.8961849261782924 -2.910729734131301 3
1.8333998263858537 -2.781434180955213 3
2.0016862946764746 -2.56022485229429 3
2.0017444622448215 -2.5978106761789967 3
2.249574920369284 -2.8883302623193248 3
2.2267840692943905 -2.393481770292472 3
2.1825723054799515 -2.7336344398625854 3
2.710964091166409 -2.533214798144862 3
2.5127865757516976 -2.381824860417935 3
2.43153648637776 -2.5002106898973326 3
2.6768703799711995 -2.184595343059062 3
2.5999111058066213 -2.2719496321278063 3
3.0141614608273466 -1.9274041572252236 3
3.0041614397192924 -1.8669516162074764 3
2.9557968387850244 -2.0618201865447103 3
2.895249218598242 -1.6363119589615542 3
3.3008049618837156 -1.736992711061387 3
3.294841128516534 -1.5529929770765132 3
2.9990773313505117 -1.5495226742489319 3
3.436257007217973 -1.4866318556206781 3
3.170356777740031 -1.283407387296339 3
3.6175132916366595 -1.1682680388216664 3
3.510551445775801 -1.1825953513820655 3
3.4642330327295046 -0.9404631454301633 3
3.4966286132839 -0.8931796394489401 3
3.4490283351591517 -0.8112621752765958 3
3.285690528992257 -0.6544728338374647 3
3.491162123292515 -0.5714903692134746 3
3.327773715785536 -0.4284288269247143 3
3.612985060723198 -0.3535324834395874 3
3.753654560965119 -0.20061197516292983 3
3.373463572817682 -0.10939278767680453 3
-5.0 -1.5732590439664462 1
-4.949748743718593 -2.3583990473781333 1
-4.899497487437186 -1.7887749446046866 1
-4.849246231155779 -1.5504442784677823 1
-4.798994974874372 -2.1724203094465597 1
-4.748743718592965 -1.6729567166334534 1
-4.698492462311558 -1.767664078920247 1
-4.648241206030151 -2.013486613308894 1
-4.597989949748744 -2.039037673242184 1
-4.547738693467337 -1.9194934325591946 1
-4.49748743718593 -1.6908560103981152 1
-4.447236180904523 -1.8309749618113456 1
-4.396984924623116 -1.4989665586404426 1
-4.346733668341709 -1.9782461511275788 1
-4.296482412060302 -1.8383982988631375 1
-4.2462311557788945 -1.130299103163019 1
-4.1959798994974875 -1.879655951884678 1
-4.1457286432160805 -1.5503450666294398 1
-4.0954773869346734 -2.033065740152655 1
-4.045226130653266 -1.5605497902329146 1
-3.9949748743718594 -1.1721988365281293 1
-3.9447236180904524 -1.514347259179696 1
-3.8944723618090453 -1.655567626291102 1
-3.8442211055276383 -1.0051413214785505 1
-3.7939698492462313 -1.5689092040373944 1
-3.7437185929648242 -1.3139864282811025 1
-3.693467336683417 -1.0326469488815824 1
-3.64321608040201 -1.8054385553205714 1
-3.592964824120603 -1.3684989325978567 1
-3.542713567839196 -0.872078033980278 1
-3.492462311557789 -1.242702671984778 1
-3.442211055276382 -1.2528889002238388 1
-3.391959798994975 -1.292232407725456 1
-3.341708542713568 -1.5253692231546552 1
-3.291457286432161 -1.0799356665232764 1
-3.241206030150754 -1.346658128630319 1
-3.190954773869347 -1.4404952693696949 1
-3.14070351758794 -1.2422395146506675 1
-3.090452261306533 -1.4248327667785428 1
-3.040201005025126 -0.6485890554212174 1
-2.9899497487437183 -0.8683632438199912 1
-2.9396984924623113 -1.3388130697934455 1
-2.8894472361809043 -1.428014171995252 1
-2.8391959798994972 -1.162335560582847 1
-2.78894472361809 -0.578633933329991 1
-2.738693467336683 -0.6283698483584172 1
-2.688442211055276 -1.097775227079734 1
-2.638190954773869 -0.5857135592823851 1
-2.587939698492462 -0.40274550799430364 1
-2.537688442211055 -0.8454085622896108 1
-2.487437185929648 -0.2653918560039026 1
-2.437185929648241 -0.6643035776468834 1
-2.386934673366834 -0.6258324462304615 1
-2.336683417085427 -1.1471322770049688 1
-2.28643216080402 -0.9659466739129511 1
-2.236180904522613 -0.8261087993717943 1
-2.185929648241206 -0.144749490413837 1
-2.135678391959799 -0.8780101946836674 1
-2.0854271356783918 -0.5191056073549307 1
-2.0351758793969847 -0.3619034757630546 1
-1.9849246231155777 -0.4524185704112752 1
-1.9346733668341707 -0.24652049108240792 1
-1.8844221105527637 -0.30809781741623055 1
-1.8341708542713566 -0.8187003977081232 1
-1.7839195979899496 -0.54259262382375 1
-1.7336683417085426 -0.5843188350352208 1
-1.6834170854271355 -0.1625247831891945 1
-1.6331658291457285 0.04888148486807342 2
-1.5829145728643215 -0.3541557481488635 1
-1.5326633165829144 -0.06815777873866713 1
-1.4824120603015074 -0.30866813973848783 1
-1.4321608040201004 0.11046841837657151 2
-1.3819095477386933 0.2973421736564066 2
-1.3316582914572863 0.01062102849085167 2
-1.2814070351758793 0.15314422328009525 2
-1.2311557788944723 0.24786072317204821 2
-1.1809045226130652 -0.3927215005115269 1
-1.1306532663316582 -0.11521015586739924 1
-1.0804020100502512 -0.4223474543987119 1
-1.0301507537688441 -0.24558317420832332 1
-0.9798994974874367 0.3325937755215259 2
-0.9296482412060296 -0.13793734136656444 1
-0.8793969849246226 -0.41738201451541146 1
-0.8291457286432156 0.1849633390674742 2
-0.7788944723618085 -0.20525512941788315 1
-0.7286432160804015 0.4793859044338795 2
-0.6783919597989945 0.36407302248970574 2
-0.6281407035175874 0.5229993216445908 2
-0.5778894472361804 0.6795519463054838 2
-0.5276381909547734 -0.22939732215497532 1
-0.47738693467336635 0.6703526981085303 2
-0.4271356783919593 0.02441631393601451 2
-0.3768844221105523 -0.05387843007135906 1
-0.32663316582914526 0.07647482593385513 2
-0.2763819095477382 0.41655291602770406 2
-0.2261306532663312 0.8473540497796342 2
-0.17587939698492416 0.8118989580401217 2
-0.12562814070351713 0.5289373125879703 2
-0.0753768844221101 0.7743526660471374 2
-0.02512562814070307 0.15983963189018147 2
0.02512562814070396 0.3516558777849528 4
0.07537688442211099 0.3222641192749601 4
0.12562814070351802 0.22067793455152585 4
0.17587939698492505 0.5181221911198887 4
0.22613065326633208 0.16144090741218053 4
0.2763819095477391 0.29321241292182443 4
0.32663316582914614 0.7780837568301322 4
0.3768844221105532 0.3180440277803416 4
0.4271356783919602 0.5225742657702073 4
0.47738693467336724 0.7551506952193601 4
0.5276381909547743 1.1945657432551977 4
0.5778894472361813 0.9204934973093459 4
0.6281407035175883 0.6997925006391283 4
0.6783919597989954 0.41916983233341454 4
0.7286432160804024 1.198500315266494 4
0.7788944723618094 1.0020312353010528 4
0.8291457286432165 0.8180741524123915 4
0.8793969849246235 1.4360129842920357 4
0.9296482412060305 0.8729230917338617 4
0.9798994974874375 0.5615684129014084 4
1.0301507537688446 1.1273395611849915 4
1.0804020100502516 1.1674701743930278 4
1.1306532663316586 0.8197315316880597 4
1.1809045226130657 0.904280817800071 4
1.2311557788944727 0.8909248513075252 4
1.2814070351758797 1.0554141261037082 4
1.3316582914572868 1.2777749937876668 4
1.3819095477386938 1.1732548237856746 4
1.4321608040201008 1.4354625948270878 4
1.4824120603015079 0.9880675862743679 4
1.5326633165829149 0.9754760360880739 4
1.582914572864322 0.8579273875470629 4
1.633165829145729 1.3070572463827432 4
1.683417085427136 1.511708239398406 4
1.733668341708543 0.9354370884146105 4
1.78391959798995 1.5578944034704678 4
1.834170854271357 1.717137996999221 4
1.884422110552764 1.3120935220137806 4
1.9346733668341711 1.8809861887551051 4
1.9849246231155782 1.1921004071019858 4
2.035175879396985 1.5778344523456997 4
2.085427135678392 1.6486540940804275 4
2.1356783919597992 1.2676587603672342 4
2.1859296482412063 1.9921261235395287 4
2.2361809045226133 1.8214057993871806 4
2.2864321608040203 2.0779654272807506 4
2.3366834170854274 1.3561779938307108 4
2.3869346733668344 1.440488561946879 4
2.4371859296482414 1.3279302405021474 4
2.4874371859296485 1.2829806905966654 4
2.5376884422110555 1.9236241407918282 4
2.5879396984924625 1.472808791476309 4
2.6381909547738696 1.7406132283104017 4
2.6884422110552766 1.8857633784075651 4
2.7386934673366836 2.3077077742991614 4
2.7889447236180906 2.189924214865754 4
2.8391959798994977 2.2031730206342535 4
2.8894472361809047 2.2575660238441486 4
2.9396984924623117 1.8854180724278335 4
2.9899497487437188 1.769752923759966 4
3.0402010050251267 2.131168994347356 4
3.090452261306533 2.5032195350723043 4
3.1407035175879408 2.2142732155354166 4
3.190954773869347 1.9788450378412188 4
3.241206030150755 1.7295410206693527 4
3.291457286432161 1.8259197202273654 4
3.341708542713569 2.5699618834147024 4
3.391959798994975 2.635465454334059 4
3.442211055276383 2.0495122437944095 4
3.492462311557789 2.1222232756092185 4
3.542713567839197 1.9929979083946172 4
3.592964824120603 1.977608432102048 4
3.643216080402011 2.4188195803757777 4
3.693467336683417 2.750891104391425 4
3.743718592964825 2.5704732628645877 4
3.7939698492462313 2.6694036913668295 4
3.844221105527639 2.5612991825928813 4
3.8944723618090453 2.421194468527626 4
3.9447236180904532 2.8530828573504574 4
3.9949748743718594 2.9532423557121383 4
4.045226130653267 2.451096579951961 4
4.0954773869346734 2.1889588648302287 4
4.145728643216081 2.912226352237478 4
4.1959798994974875 3.026812187899998 4
4.246231155778895 2.674791702674879 4
4.296482412060302 2.6443534387859615 4
4.3467336683417095 2.481871234448904 4
4.396984924623116 2.416472418529359 4
4.4472361809045236 3.2033770171631843 4
4.49748743718593 2.9176927240216206 4
4.547738693467338 3.1257270616054798 4
4.597989949748744 3.076348683468809 4
4.648241206030152 3.183971096384179 4
4.698492462311558 2.556276956821849 4
4.748743718592966 2.4779059855332295 4
4.798994974874372 2.672346101956471 4
4.84924623115578 3.200382773317243 4
4.899497487437186 2.96566564699202 4
4.949748743718594 2.7554975850429795 4
5.0 3.492081746232257 4
-5.0 3.0792775415452764 2
-4.949748743718593 2.5580403532993707 2
-4.899497487437186 2.543211087447229 2
-4.849246231155779 3.401197734097119 2
-4.798994974874372 3.246980006939316 2
-4.748743718592965 3.3543083703162946 2
-4.698492462311558 3.028226596108175 2
-4.648241206030151 2.4426044726394323 2
-4.597989949748744 2.829374237884574 2
-4.547738693467337 2.876482305589641 2
-4.49748743718593 2.554158080657664 2
-4.447236180904523 2.558590958663784 2
-4.396984924623116 3.130048416460302 2
-4.346733668341709 2.5003666496851364 2
-4.296482412060302 2.3368764712449814 2
-4.2462311557788945 2.795861571115379 2
-4.1959798994974875 2.33698538194181 2
-4.1457286432160805 2.4648176808922995 2
-4.0954773869346734 3.032426802021351 2
-4.045226130653266 2.109268407946587 2
-3.9949748743718594 2.420514272296279 2
-3.9447236180904524 2.200696375367376 2
-3.8944723618090453 2.2384515039141393 2
-3.8442211055276383 2.5499106752892153 2
-3.7939698492462313 2.068402821505523 2
-3.7437185929648242 2.7399186339418327 2
-3.693467336683417 2.5870571397885884 2
-3.64321608040201 2.2586174372721883 2
-3.592964824120603 2.0548301945559606 2
-3.542713567839196 2.3914683670021866 2
-3.492462311557789 2.173117696255929 2
-3.442211055276382 2.3849149742512 2
-3.391959798994975 2.311690103148988 2
-3.341708542713568 2.668845125953341 2
-3.291457286432161 1.676043723216087 2
-3.241206030150754 2.2493305595897706 2
-3.190954773869347 2.072769027356865 2
-3.14070351758794 1.7492519670602351 2
-3.090452261306533 2.5118549075373413 2
-3.040201005025126 1.9751683201611794 2
-2.9899497487437183 2.2182886524978596 2
-2.9396984924623113 2.3835644243922287 2
-2.8894472361809043 2.0332892531765214 2
-2.8391959798994972 1.8806692150103825 2
-2.78894472361809 1.9449831001451274 2
-2.738693467336683 2.227257553641527 2
-2.688442211055276 1.3676937750338047 2
-2.638190954773869 1.4489641727484737 2
-2.587939698492462 2.0017278924223185 2
-2.537688442211055 1.3931325051213177 2
-2.487437185929648 1.4212962071323854 2
-2.437185929648241 1.4163487313113192 2
-2.386934673366834 1.4822416845885944 2
-2.336683417085427 1.3424753012309216 2
-2.28643216080402 1.76443781595376 2
-2.236180904522613 1.244983525801328 2
-2.185929648241206 1.9689824135483307 2
-2.135678391959799 1.3704727864794246 2
-2.0854271356783918 1.6712485913993054 2
-2.0351758793969847 1.625433122615934 2
-1.9849246231155777 1.433474129360817 2
-1.9346733668341707 1.2600926840233924 2
-1.8844221105527637 1.9409198880609897 2
-1.8341708542713566 1.2468435471611592 2
-1.7839195979899496 1.00483929694301 2
-1.7336683417085426 1.6360365867806426 2
-1.6834170854271355 0.9544134765309955 2
-1.6331658291457285 1.5284299395510956 2
-1.5829145728643215 1.0160166057160613 2
-1.5326633165829144 0.8525910812244398 2
-1.4824120603015074 1.0209680189513126 2
-1.4321608040201004 0.8302339073590226 2
-1.3819095477386933 0.8502382349918335 2
-1.3316582914572863 1.5235109081187508 2
-1.2814070351758793 1.3817149044078374 2
-1.2311557788944723 0.7958944448052745 2
-1.1809045226130652 1.4259201163520219 2
-1.1306532663316582 1.2435921751889842 2
-1.0804020100502512 1.4765993829590005 2
-1.0301507537688441 1.285873981184105 2
-0.9798994974874367 1.2458564048048353 2
-0.9296482412060296 1.1435306820653646 2
-0.8793969849246226 0.6527867253647882 2
-0.8291457286432156 0.43754791561343154 2
-0.7788944723618085 0.523093784354763 2
-0.7286432160804015 0.7568683955704614 2
-0.6783919597989945 1.0221287440155988 2
-0.6281407035175874 0.7626390262342526 2
-0.5778894472361804 1.0994395453897816 2
-0.5276381909547734 0.7888785088029138 2
-0.47738693467336635 0.6796585526224931 2
-0.4271356783919593 0.9402675728214301 2
-0.3768844221105523 0.5532224247650727 2
-0.32663316582914526 0.950919202198977 2
-0.2763819095477382 0.7872057006530061 2
-0.2261306532663312 0.4041005025809843 2
-0.17587939698492416 0.9091591372758115 2
-0.12562814070351713 0.30558620629285105 2
-0.0753768844221101 0.8810820052764282 2
-0.02512562814070307 0.49401434059958593 2
0.02512562814070396 0.33937517395765326 4
0.07537688442211099 0.13345736088036264 4
0.12562814070351802 0.45480898060951747 4
0.17587939698492505 0.6836377582892229 4
0.22613065326633208 0.3880240395258516 4
0.2763819095477391 0.5405312042189948 4
0.32663316582914614 0.5563959465522514 4
0.3768844221105532 0.6478199695858643 4
0.4271356783919602 0.12164092757550082 4
0.47738693467336724 0.7007687039741599 4
0.5276381909547743 0.5578985522942457 4
0.5778894472361813 0.6871100876176933 4
0.6281407035175883 -0.26251844416803805 3
0.6783919597989954 0.25677297227475804 4
0.7286432160804024 0.5963538964711659 4
0.7788944723618094 0.6067394426728644 4
0.8291457286432165 -0.3382991901169907 3
0.8793969849246235 0.19113773159597158 4
0.9296482412060305 -0.4353973812716554 3
0.9798994974874375 0.45619797917191485 4
1.0301507537688446 -0.28165121113281577 3
1.0804020100502516 -0.2235585159872847 3
1.1306532663316586 -0.5514179156488048 3
1.1809045226130657 0.34892627539621013 4
1.2311557788944727 -0.46788421596800867 3
1.2814070351758797 -0.36370046482535423 3
1.3316582914572868 -0.5069146051899633 3
1.3819095477386938 -0.29210309329866957 3
1.4321608040201008 -0.11727868671062158 3
1.4824120603015079 -0.7309747149625966 3
1.5326633165829149 0.11470146428227534 4
1.582914572864322 0.10983241539593558 4
1.633165829145729 -0.6222392327809334 3
1.683417085427136 -0.052745010504469225 3
1.733668341708543 -0.5550137853575634 3
1.78391959798995 -0.17040887327356358 3
1.834170854271357 -0.6211192912960192 3
1.884422110552764 0.043166642559758994 4
1.9346733668341711 -0.8172323959364816 3
1.9849246231155782 -0.4513659735438208 3
2.035175879396985 -0.4889557539098903 3
2.085427135678392 -0.9264508662561921 3
2.1356783919597992 -0.6124442266462728 3
2.1859296482412063 -0.13259031076280992 3
2.2361809045226133 -0.18827237659408547 3
2.2864321608040203 -0.800889621671594 3
2.3366834170854274 -0.7352645899374467 3
2.3869346733668344 -1.0443544788328687 3
2.4371859296482414 -1.1044817236077944 3
2.4874371859296485 -1.00907126686244 3
2.5376884422110555 -0.3514520372887552 3
2.5879396984924625 -1.2369459638229594 3
2.6381909547738696 -1.1658414681846585 3
2.6884422110552766 -0.5140745000810468 3
2.7386934673366836 -0.9664448596084675 3
2.7889447236180906 -0.926942912230252 3
2.8391959798994977 -0.8995569009989532 3
2.8894472361809047 -0.5090428347239603 3
2.9396984924623117 -0.5491965164732177 3
2.9899497487437188 -1.3258148708275095 3
3.0402010050251267 -1.5187736991986824 3
3.090452261306533 -1.2276382735793034 3
3.1407035175879408 -1.071484270568532 3
3.190954773869347 -0.8825051842358492 3
3.241206030150755 -1.421936104961754 3
3.291457286432161 -1.4197550037543587 3
3.341708542713569 -0.9605494832559016 3
3.391959798994975 -0.775677643363566 3
3.442211055276383 -1.6215464554873578 3
3.492462311557789 -1.4723613165994078 3
3.542713567839197 -0.9691268941937988 3
3.592964824120603 -1.1906442403671273 3
3.643216080402011 -1.7447277560987557 3
3.693467336683417 -1.626020772032969 3
3.743718592964825 -1.3877219681133104 3
3.7939698492462313 -1.3699511974747969 3
3.844221105527639 -1.4404844377646584 3
3.8944723618090453 -1.738051075824825 3
3.9447236180904532 -1.052329010363597 3
3.9949748743718594 -1.6843527525103792 3
4.045226130653267 -1.5782644528151675 3
4.0954773869346734 -1.5828270528859916 3
4.145728643216081 -1.7270617604219405 3
4.1959798994974875 -1.3792431866618737 3
4.246231155778895 -1.218943504381035 3
4.296482412060302 -2.068670472799787 3
4.3467336683417095 -2.0774666227158427 3
4.396984924623116 -1.4005838367642172 3
4.4472361809045236 -1.5949952683026338 3
4.49748743718593 -1.4265445179281622 3
4.547738693467338 -1.4787520170233914 3
4.597989949748744 -1.8709163450384771 3
4.648241206030152 -2.273845574375421 3
4.698492462311558 -1.5581807534145837 3
4.748743718592966 -2.2318882818422052 3
4.798994974874372 -2.2548185747496134 3
4.84924623115578 -2.1994396871333315 3
4.899497487437186 -2.4108515928742076 3
4.949748743718594 -1.7064550670906358 3
5.0 -1.6182553259512722 3
